link2_inertia:
  mass: 16.847
  inertia:
    ixx: 0.65976
    ixy: 0.000048383
    ixz: 0.0043475
    iyy: 0.59657
    iyz: -0.0000078848
    izz: 0.09723
  origin:
    xyz: [-0.068869, -0.000046775, 0.082737]
    rpy: [0, 0, 0]